4.737422347381786344e-03
1.425799458245733189e-02
2.644243547130372893e-02
4.629896415193203441e-02
6.217475981687756170e-02
7.162458072564614753e-02
8.026614995798164731e-02
8.556584341249877379e-02
1.036156265526774201e-01
1.044968804147966557e-01
1.153182386864249759e-01
1.155299611161850343e-01
1.293491627722411774e-01
1.304479685200052030e-01
1.315021677897434405e-01
1.537715224830200345e-01
1.541692680994206643e-01
1.551886024625424021e-01
1.673415529035021387e-01
1.839250354019288936e-01
2.034861538081311760e-01
2.050470095208713484e-01
2.108089633582807820e-01
2.337096777438641415e-01
2.426386994412107201e-01
2.452176649831429578e-01
2.452684194756654390e-01
2.491851566838353960e-01
2.686354104745535265e-01
2.712820394589916528e-01
3.016384170605202475e-01
3.253991473640311938e-01
3.342480547841963356e-01
3.376580496423989275e-01
3.413194627000685211e-01
3.656756372769374153e-01
3.769767455394485434e-01
3.796571630446994861e-01
3.905905211725271275e-01
3.987431236854023231e-01
4.010676485012004688e-01
4.246943542728076060e-01
4.251389006455630337e-01
4.435526067650756854e-01
4.545954720551220740e-01
4.652566973061047495e-01
4.673409410910567274e-01
4.902776939604560624e-01
4.940627204736655620e-01
5.009046130561284338e-01
5.083724918780864188e-01
5.123925989811792814e-01
5.140985650440934585e-01
5.161575079548152978e-01
5.261064617107908958e-01
5.264116372472125160e-01
5.403538795265698802e-01
6.058044633579616756e-01
6.171874000078879652e-01
6.184641650738997853e-01
6.283297241868516236e-01
6.285343349815391001e-01
6.383643889283312500e-01
6.383682225908784424e-01
6.517125417191395043e-01
6.719605526858407618e-01
6.894845722820606149e-01
7.002233489742625272e-01
7.250489852211893238e-01
7.283725021982360159e-01
7.582009886649181407e-01
7.601029644438980215e-01
7.713826000640791047e-01
7.739464031895011420e-01
7.828183325648190305e-01
7.829574451616065911e-01
7.911004715862998138e-01
7.935604879954349933e-01
8.027648850878891240e-01
8.102509300988667285e-01
8.139710119950486211e-01
8.154203260099243122e-01
8.219336876160788785e-01
8.338543223279982763e-01
8.404587046142337758e-01
8.428077952343608903e-01
8.525386799939378424e-01
8.653205522580860176e-01
8.678221342115010062e-01
8.680640919087263541e-01
8.741510741912417171e-01
8.762066716587633142e-01
8.875370447023089859e-01
9.178459020898375176e-01
9.259218062418671513e-01
9.348783937055659132e-01
9.365511984173452431e-01
9.491455554591085031e-01
9.748583879992945844e-01
9.903313882674396051e-01
9.957945920256274785e-01
1.006080252944744791e+00
1.012336359836771615e+00
1.023193250193153991e+00
1.025160695618706042e+00
1.026980113784192739e+00
1.032389370691962460e+00
1.032418764982990789e+00
1.042435522967644301e+00
1.061598953845221294e+00
1.066608285341167361e+00
1.066679813028848844e+00
1.085992745241789459e+00
1.090197125384414267e+00
1.097674911275608345e+00
1.100679460802984622e+00
1.107605839833500694e+00
1.141084753278415409e+00
1.145950104584904095e+00
1.150483836428331186e+00
1.151959300169197231e+00
1.155807746897881128e+00
1.161133563071946817e+00
1.167198907743559833e+00
1.182261050862989160e+00
1.183001651357579398e+00
1.192558296528119843e+00
1.195968609947110073e+00
1.225361634974370784e+00
1.235772209024985191e+00
1.237332193492687749e+00
1.247502940587991160e+00
1.248123791845647368e+00
1.256625230050369524e+00
1.261363393516764297e+00
1.266163130666765779e+00
1.291510683615025412e+00
1.297675309477253291e+00
1.297878758454283243e+00
1.298231711583167414e+00
1.301351077074443641e+00
1.308920982392147270e+00
1.312964464861734015e+00
1.319534377766834243e+00
1.322584018306416809e+00
1.322945348071653759e+00
1.323160447684275987e+00
1.330828978475335322e+00
1.343768472338199516e+00
1.365232502655473246e+00
1.369691570271216019e+00
1.377922257405342021e+00
1.384944908633781946e+00
1.385099059820432466e+00
1.389893139186889615e+00
1.393523038804052483e+00
1.408189176343999094e+00
1.431895945103628831e+00
1.431898041761965112e+00
1.438500595622269396e+00
1.469299544100900690e+00
1.473955079817792280e+00
1.486249142588337069e+00
1.507062322474788107e+00
1.515274005871933394e+00
1.516881948561886739e+00
1.525527783204581711e+00
1.528510052743440095e+00
1.555025966624771661e+00
1.555294904135446910e+00
1.572500582865987040e+00
1.577367844544876441e+00
1.587331555734290189e+00
1.593457807233197299e+00
1.595504074827529983e+00
1.602113621120855091e+00
1.602183330859765054e+00
1.603440675531122128e+00
1.604916553295368642e+00
1.614604677656436671e+00
1.641130357466078493e+00
1.678352310908521217e+00
1.684093676868438694e+00
1.691841923666524306e+00
1.700231864382564240e+00
1.701545620384349089e+00
1.709671567270161230e+00
1.710794580608514082e+00
1.713357416940449962e+00
1.717703430324793112e+00
1.720769071956156804e+00
1.730734526125722539e+00
1.736821567698059177e+00
1.742848603338454483e+00
1.743354022505830159e+00
1.763501980338121111e+00
1.764137267605504711e+00
1.768908098353900060e+00
1.778129904585721954e+00
1.784593021977284533e+00
1.787488578516423843e+00
1.806137097357232157e+00
1.815206786844764553e+00
1.820104908759808016e+00
1.830563993498685926e+00
1.835351616307153710e+00
1.839430709747868375e+00
1.843337585773562548e+00
1.857232216346049070e+00
1.873533382882277776e+00
1.910203019274656411e+00
1.927450014304963766e+00
1.946752529520609842e+00
1.964677833950933650e+00
1.965801634241663987e+00
1.975730034661205003e+00
1.975987481891005926e+00
1.978469913805845026e+00
1.988072858524729813e+00
1.999227824596893299e+00
2.003615277268323780e+00
2.005464574552744406e+00
2.005699589778207059e+00
2.012112603548269263e+00
2.014599086540530770e+00
2.015834301160118081e+00
2.016064766225095450e+00
2.032394604890142897e+00
2.057135933673810868e+00
2.067931511529083721e+00
2.080848820708439462e+00
2.089659459707879030e+00
2.152426333519977142e+00
2.156611503948920650e+00
2.172440718595146425e+00
2.176095126737269680e+00
2.195942630319227984e+00
2.198454024442847210e+00
2.202938074694547499e+00
2.204026249998598086e+00
2.208007523974802933e+00
2.215721008768329892e+00
2.232778758091900073e+00
2.242159300054194837e+00
2.251993483725835965e+00
2.258015297168044277e+00
2.261543068031325099e+00
2.270638613972037589e+00
2.273090249087712067e+00
2.277136241856989596e+00
2.283818824833660610e+00
2.288415983460712066e+00
2.294538730970007379e+00
2.312049751448178370e+00
2.315983490005649514e+00
2.329640055742669524e+00
2.357558735899404567e+00
2.363151393384765875e+00
2.385788080568958858e+00
2.402349838241582436e+00
2.402580748479684836e+00
2.406361289949907167e+00
2.407421123372704308e+00
2.413939073534550062e+00
2.417986554287948842e+00
2.430122177254932403e+00
2.469159439420511859e+00
2.470993397164409355e+00
2.479772267798876051e+00
2.482764122276902796e+00
2.496135804390544610e+00
2.512964367727027692e+00
2.521129722811158658e+00
2.529880675349798658e+00
2.532691331988017325e+00
2.544853341738377850e+00
2.554477588001836885e+00
2.558125568198811983e+00
2.566412014416230125e+00
2.572008393032310547e+00
2.594075097008142983e+00
2.607203185493816022e+00
2.611564860457626480e+00
2.615768484724904752e+00
2.624943300676821245e+00
2.648173572926001640e+00
2.660365227771022134e+00
2.665898534824775901e+00
2.672095769613934468e+00
2.681276789197638344e+00
2.682045580417245390e+00
2.696639376080384398e+00
2.697412547070181077e+00
2.712259255208217201e+00
2.723428123700150305e+00
2.737530672811715693e+00
2.741593774556184027e+00
2.748917622234648306e+00
2.765697755521266288e+00
2.767543058207444062e+00
2.770140121287569812e+00
2.772249819410768534e+00
2.792161003593213842e+00
2.793709711611924273e+00
2.808546819336000144e+00
2.816281122133868831e+00
2.825388231251690030e+00
2.826493413235655616e+00
2.828074462368965758e+00
2.832422692508926865e+00
2.840118172143578423e+00
2.847605190056210933e+00
2.857678654579129951e+00
2.859539901876017254e+00
2.862440603778739323e+00
2.864597169375060925e+00
2.886866613859766950e+00
2.914835976185529809e+00
2.961406491700599108e+00
2.987901173793793497e+00
2.989787332112693541e+00
3.001856204528631444e+00
3.002446820212284706e+00
3.021318659019939901e+00
3.038501514949495608e+00
3.066685460056384649e+00
3.073273862069958007e+00
3.077871661538860604e+00
3.087070662339380434e+00
3.087677178380053178e+00
3.092294111046911986e+00
3.107013272849223462e+00
3.109596169529248222e+00
3.118133646163284922e+00
3.123509450319892355e+00
3.147308597044735201e+00
3.149442854932898772e+00
3.166143239736429305e+00
3.167807912627468525e+00
3.175678781357951674e+00
3.190367159570159039e+00
3.205406393893227346e+00
3.233315558611472795e+00
3.249466666140216287e+00
3.256750700249887220e+00
3.266806602822658778e+00
3.278325573029097662e+00
3.290090929589843505e+00
3.302159406809569209e+00
3.311727938052990705e+00
3.318838822670607591e+00
3.319710508546505956e+00
3.320517722843444819e+00
3.338902294931568981e+00
3.346468652781672937e+00
3.346648491635239253e+00
3.353415286563244280e+00
3.361534999215892938e+00
3.361652438839292323e+00
3.363856453051359718e+00
3.378780192787443681e+00
3.391796472362009318e+00
3.392892024310523169e+00
3.425129687951254276e+00
3.436988244774378920e+00
3.438112103140660292e+00
3.440663353836143301e+00
3.449538322149003466e+00
3.455578446925168024e+00
3.456703327978936979e+00
3.463223464401306018e+00
3.469122619555415010e+00
3.482906749273831259e+00
3.492869763779796521e+00
3.519328570229522501e+00
3.530781543755443952e+00
3.553354923816740563e+00
3.564022804865978777e+00
3.566717502185783317e+00
3.573851456066150512e+00
3.576741077558836857e+00
3.590166757760814509e+00
3.597893039596652631e+00
3.607261663305686206e+00
3.608811586731916154e+00
3.613012274324542972e+00
3.614664622300342689e+00
3.617637645682916681e+00
3.622682837579869197e+00
3.640330310186533858e+00
3.642696924215182541e+00
3.643547876685461873e+00
3.654951508319072673e+00
3.706035601010723823e+00
3.707948410412060802e+00
3.712913439696382767e+00
3.714960208426254518e+00
3.718568255540919854e+00
3.721011760276573099e+00
3.721838622708852462e+00
3.725241035414828428e+00
3.740614251810320923e+00
3.753878374608836221e+00
3.754426049882530592e+00
3.754531928505965066e+00
3.775852682237649471e+00
3.789210532670121090e+00
3.803238642724520169e+00
3.808368033908219541e+00
3.813639676518093324e+00
3.817558531089345841e+00
3.824375306279714337e+00
3.852866422235974753e+00
3.878088283444926621e+00
3.878759874514856598e+00
3.878881001545955609e+00
3.893643524972371761e+00
3.901551469441994602e+00
3.918916639910113631e+00
3.921553014397260117e+00
3.946355788330231373e+00
3.946823251952529255e+00
3.950726209586549409e+00
3.957194699357546863e+00
3.958677218550984200e+00
3.960604237750760870e+00
3.963426431447474751e+00
3.965037346719529232e+00
3.974531136267529519e+00
3.975891377165515106e+00
3.979638669794188566e+00
3.982991075324167074e+00
3.986059706810160641e+00
3.988498331284397125e+00
4.009916580067359959e+00
4.029153661390954433e+00
4.033207429243385711e+00
4.072442976993431607e+00
4.086004293941727816e+00
4.088592794885228088e+00
4.090641748245156251e+00
4.106131850853173226e+00
4.115034518605893865e+00
4.122925031181156719e+00
4.124472514455291616e+00
4.130617798452867362e+00
4.136703643332713121e+00
4.154847853179503225e+00
4.185781620217219334e+00
4.190134342117556976e+00
4.196406345752643041e+00
4.196862767709724551e+00
4.198882447054587352e+00
4.202916040245990636e+00
4.204519712419093835e+00
4.212255823466927396e+00
4.226651916787472985e+00
4.230989451691266723e+00
4.239730850207528157e+00
4.240386985592829561e+00
4.246755631331762260e+00
4.268056123927896905e+00
4.275831481681427348e+00
4.277979963079837411e+00
4.286362653627591612e+00
4.297185154263848617e+00
4.299314018191664033e+00
4.308794632619069809e+00
4.309170169936158423e+00
4.311508535097503092e+00
4.314581392992376863e+00
4.361538085642482798e+00
4.363830858009628777e+00
4.366492927393715640e+00
4.370222820836804800e+00
4.378093730845660225e+00
4.382542900291794830e+00
4.385456587465805356e+00
4.427632919964445968e+00
4.437803898421235793e+00
4.449217554134389019e+00
4.453883932736044216e+00
4.454934678197121301e+00
4.461023738651014092e+00
4.477074833369036888e+00
4.477105610794990476e+00
4.502286861818458163e+00
4.517146321066613623e+00
4.521858966603905294e+00
4.528365200176002858e+00
4.550159996483596814e+00
4.558020402158258655e+00
4.559407299003694902e+00
4.572402172281517352e+00
4.578220280633315653e+00
4.579065244943288704e+00
4.581617740637248914e+00
4.585084075180459351e+00
4.585484135110373671e+00
4.586507184169114737e+00
4.602737939361002617e+00
4.618357300981689839e+00
4.636391425937517852e+00
4.641122447207190582e+00
4.646265821106941196e+00
4.661002074179617871e+00
4.661177337297626622e+00
4.664834077190601391e+00
4.665235359959148731e+00
4.677558326683476153e+00
4.679707342878916876e+00
4.700969400118869324e+00
4.706827426769915945e+00
4.717660097455029344e+00
4.719937314861492261e+00
4.755084563572129497e+00
4.756289777059912183e+00
4.770986652467778200e+00
4.771377189599792068e+00
4.781206323619003662e+00
4.797150927366073070e+00
4.799341532006232924e+00
4.811617823966431118e+00
4.825809581132597614e+00
4.828552151633174638e+00
4.836031582116751437e+00
4.840066568491385723e+00
4.849993203341372627e+00
4.866772497270381415e+00
4.867428458488928911e+00
4.884257160611875648e+00
4.886394685561499251e+00
4.890816242313475115e+00
4.924334999450403316e+00
4.925840664986982809e+00
4.926864657076516885e+00
4.932649798737139157e+00
4.949651025262791215e+00
4.960680077644144426e+00
4.962306576971046823e+00
4.966760018026124435e+00
4.979733041943949168e+00
5.000329358607764618e+00
5.003344793754451736e+00
5.005512418883816927e+00
5.007156781314318295e+00
5.019906382956623503e+00
5.022037847115375264e+00
5.031829842646875939e+00
5.040986508969075963e+00
5.048488450258138194e+00
5.051963954051619687e+00
5.053590295658493048e+00
5.065423166464372073e+00
5.067587069095414343e+00
5.076906129590700090e+00
5.085081144140350062e+00
5.100631893517110882e+00
5.102111603945655993e+00
5.102803330590909070e+00
5.113487752835363942e+00
5.116533404221010883e+00
5.117910878629994720e+00
5.119180554961314300e+00
5.146693493098237759e+00
5.156297475533516028e+00
5.159890828662154760e+00
5.160543865952329057e+00
5.174498871200334804e+00
5.186603244509238486e+00
5.201225642854526043e+00
5.212308660699224383e+00
5.222441109873106946e+00
5.245373387057491676e+00
5.254244900790819628e+00
5.259104648076146304e+00
5.301440089941374723e+00
5.316108085790074433e+00
5.334817182622106913e+00
5.361598899739855817e+00
5.376509065076609417e+00
5.391984515215471063e+00
5.420719320368214689e+00
5.421543091090859967e+00
5.429734106355724066e+00
5.438969619069437655e+00
5.448361617475452334e+00
5.449005370868701625e+00
5.456459727284052263e+00
5.461503144166741208e+00
5.462585529915308769e+00
5.467058508431937192e+00
5.470135579197580533e+00
5.476520494745519052e+00
5.481378364800706393e+00
5.488094412953104850e+00
5.490231529319220982e+00
5.493103809677725380e+00
5.493517178224915476e+00
5.496225522157543786e+00
5.499606566080823988e+00
5.503194172670656137e+00
5.506350391003183020e+00
5.509442750374508257e+00
5.524766102839404169e+00
5.533980052793067372e+00
5.547794490659970101e+00
5.552660922670951571e+00
5.559801836780843054e+00
5.598427931540321367e+00
5.609357653026410873e+00
5.616312032670573551e+00
5.633757625764866717e+00
5.643743643459162129e+00
5.644752297761799653e+00
5.663057967775463553e+00
5.665970108874223143e+00
5.667107427457414026e+00
5.677511038114516850e+00
5.696749472802204117e+00
5.705211993181438679e+00
5.717229401583054482e+00
5.726375087003059861e+00
5.727303852602916301e+00
5.733843490042579205e+00
5.734394029190259090e+00
5.737022381842657559e+00
5.751441422343103405e+00
5.758056618611317568e+00
5.766169655293134078e+00
5.777208903762360848e+00
5.786015052061289410e+00
5.793961736091180370e+00
5.803265185830221107e+00
5.808435001362926009e+00
5.826869736288553980e+00
5.831540240485709070e+00
5.870095343287704992e+00
5.877306747422529121e+00
5.883206902818676198e+00
5.887365772781830486e+00
5.918156005217726445e+00
5.934955541581259375e+00
5.940653867391920251e+00
5.952942849025068206e+00
5.974349759317195918e+00
5.980065974268992335e+00
5.999788898405560289e+00
6.009473935670916589e+00
6.029934500749199344e+00
6.035315887315670480e+00
6.054034095183324915e+00
6.067276872240222829e+00
6.067625770063085788e+00
6.074609533559496732e+00
6.087689074642208098e+00
6.100570130870989871e+00
6.103303037081816207e+00
6.112889972082092171e+00
6.134314632080938523e+00
6.134361517521301543e+00
6.156313964456924914e+00
6.164833564101782848e+00
6.173659360086924508e+00
6.178168787850741417e+00
6.186191242596857265e+00
6.191716417714475895e+00
6.192244048918792210e+00
6.199187728261787100e+00
6.205612102243957651e+00
6.218119790128157298e+00
6.223385644357597890e+00
6.226733218618396570e+00
6.238395621476751529e+00
6.248201082450092869e+00
6.252835122869450757e+00
6.254482780634391226e+00
6.256464366425531054e+00
6.257371530232505030e+00
6.257476757869968154e+00
6.260919901491556416e+00
6.261480694422232318e+00
6.263974967811053673e+00
6.269410824151801620e+00
6.275213884567962808e+00
6.277667535008252031e+00
6.285695057639314243e+00
6.291554354473895216e+00
6.301408771154187960e+00
6.328379555096131703e+00
6.331259557033791729e+00
6.332254341947317400e+00
6.341201355930238037e+00
6.352976142769288792e+00
6.362310676207520110e+00
6.364705925072319914e+00
6.369054623365494550e+00
6.380753816414717505e+00
6.390068463893977757e+00
6.396893332062439264e+00
6.404691842067668617e+00
6.413655930006748385e+00
6.451538686485672969e+00
6.451731441712463599e+00
6.457484609982436119e+00
6.460843488617044272e+00
6.466876720211804930e+00
6.502993850593405512e+00
6.507262752610510681e+00
6.511666077053872570e+00
6.517966688493607386e+00
6.521220329936763704e+00
6.527924916274290723e+00
6.536662220696268122e+00
6.539826055529865734e+00
6.553963447634918005e+00
6.582148671624681313e+00
6.608924888378107987e+00
6.610601368265741407e+00
6.617318238885589565e+00
6.645869703356729552e+00
6.647613588485818070e+00
6.651519113037233311e+00
6.665019092410634727e+00
6.667241110532208026e+00
6.671457671123270039e+00
6.672536535939876501e+00
6.678913169942208405e+00
6.686536609549647459e+00
6.690869247479640514e+00
6.701366667731504911e+00
6.705316987148320251e+00
6.708806492317570758e+00
6.709941419256358230e+00
6.731277199199702466e+00
6.732827912175824103e+00
6.747274283637348269e+00
6.752973678781015288e+00
6.753630935604345353e+00
6.767438801966592088e+00
6.779110404476845098e+00
6.781306039165322375e+00
6.781425277149089936e+00
6.793988696332738719e+00
6.830638980565643337e+00
6.845717281467576854e+00
6.856258640357149048e+00
6.858549231253685541e+00
6.858825131818142573e+00
6.859852612551611273e+00
6.861278541142138643e+00
6.880470564921685295e+00
6.882182054258486836e+00
6.887487238749539387e+00
6.915507470269186108e+00
6.929841132062366960e+00
6.931385501567657315e+00
6.940130681029392790e+00
6.940751642303077951e+00
6.940945888558158750e+00
6.949671221462261350e+00
6.958521827052626563e+00
6.963119996902944919e+00
6.969229928172778088e+00
6.970173696708918065e+00
6.974455307495943224e+00
7.005377907151851602e+00
7.009095093897785844e+00
7.033855437415575729e+00
7.038230995605356810e+00
7.042170590355062210e+00
7.054008134913520855e+00
7.058802832504691871e+00
7.074442167578140150e+00
7.079555768204976118e+00
7.083759249052100415e+00
7.101960390022417080e+00
7.126631933259531593e+00
7.145711920772897408e+00
7.153004551375964581e+00
7.156214050994011089e+00
7.158684213761055126e+00
7.171714560492212343e+00
7.173568025788708447e+00
7.184336872766203363e+00
7.191393503377082830e+00
7.195891472152105450e+00
7.197478568550857325e+00
7.215256190751903276e+00
7.232873278265450345e+00
7.241524114255372346e+00
7.246502675471012012e+00
7.253810978878091120e+00
7.275075767290261730e+00
7.290337970989752669e+00
7.291135463966185171e+00
7.309280031518948562e+00
7.316223974371934169e+00
7.317792608275943245e+00
7.346132388458464391e+00
7.349944473078656060e+00
7.364771060608733322e+00
7.373291566708445544e+00
7.392383725933324712e+00
7.395509784767776651e+00
7.406473996630378309e+00
7.409746446933432651e+00
7.412083705680608148e+00
7.430865254296294964e+00
7.455492521879994783e+00
7.465863617896374649e+00
7.467662017889927561e+00
7.473455443990573599e+00
7.475842217477260299e+00
7.476396489392979738e+00
7.480424611618086139e+00
7.487587000768456846e+00
7.498831692253845382e+00
7.501611736616277781e+00
7.524601150292797413e+00
7.531094969400820460e+00
7.539429443314255685e+00
7.551421586650922890e+00
7.560715133709294378e+00
7.565112071844903419e+00
7.565485314651287041e+00
7.567895543819965098e+00
7.597594997335486156e+00
7.599558290563964036e+00
7.622396009946870166e+00
7.622420039669484559e+00
7.631398600514451402e+00
7.651624321367352266e+00
7.653131376452226853e+00
7.654368982341440031e+00
7.656230827253724947e+00
7.660801644173862002e+00
7.662250724498999688e+00
7.671919956615699476e+00
7.687847957312452962e+00
7.689523979066702708e+00
7.705828306052089793e+00
7.706029248862602543e+00
7.708187417144889864e+00
7.713762373710298270e+00
7.718219172300071484e+00
7.728886063857239641e+00
7.740607372769349404e+00
7.745320463096810215e+00
7.749483399760380031e+00
7.750624909273366114e+00
7.755878466981010355e+00
7.756517260246338807e+00
7.764652181784747143e+00
7.775422092047497458e+00
7.785110698530647078e+00
7.790812478679595365e+00
7.829449629239325859e+00
7.833806343616318557e+00
7.837650768474235363e+00
7.844717963816695949e+00
7.848466557617627792e+00
7.858532391528597394e+00
7.873779375033037375e+00
7.875189513650528994e+00
7.876478437330788118e+00
7.889274420626327000e+00
7.909783087118601230e+00
7.921109808919932327e+00
7.921980393883274907e+00
7.923830515285044562e+00
7.946756747618501038e+00
7.954620863802792208e+00
7.959854233045700056e+00
7.966860437948461993e+00
7.977590060907973069e+00
7.980981745732051991e+00
7.984354152863580190e+00
7.994321828451347756e+00
7.994818908699759419e+00
7.999354009238781593e+00
8.002887155336638969e+00
8.043780023727107320e+00
8.057116658043712576e+00
8.059705214115043148e+00
8.063422139170175029e+00
8.064651170491435650e+00
8.066760516610008480e+00
8.076121159260013727e+00
8.082365865564300478e+00
8.087273110060106518e+00
8.092603019846430712e+00
8.105043505933036130e+00
8.124221085757346472e+00
8.128444078835881825e+00
8.129470156997406605e+00
8.137443748006147004e+00
8.162305976747353142e+00
8.176373663014484094e+00
8.196286522364577110e+00
8.199336976692343626e+00
8.203983911982694721e+00
8.226158344721023141e+00
8.227883030410790610e+00
8.242193664444274148e+00
8.246337446446272423e+00
8.260492122062945697e+00
8.276455097146973472e+00
8.302423126105798801e+00
8.303107741540316056e+00
8.316005149750720804e+00
8.320403925212117358e+00
8.326697420521451676e+00
8.328852641625907438e+00
8.345604903207979319e+00
8.359583547752992061e+00
8.383815124362900661e+00
8.393595806123187231e+00
8.398200003108131639e+00
8.409539646409498914e+00
8.413445512193607811e+00
8.424233502999225465e+00
8.440502892135755886e+00
8.472994362960196923e+00
8.490960841272990223e+00
8.493630892838510249e+00
8.507866092956886561e+00
8.514545265324786172e+00
8.519694215395841042e+00
8.538911354051990088e+00
8.554526688126395939e+00
8.555849885984489589e+00
8.559727183968661279e+00
8.560946542146057325e+00
8.587439051551347902e+00
8.589506824802144891e+00
8.603301008861258481e+00
8.604162942281597282e+00
8.606730900272992812e+00
8.607240675024252496e+00
8.619519490697308939e+00
8.626877034446025050e+00
8.637132230528060006e+00
8.644105644571840941e+00
8.667662212724740911e+00
8.697201087480825876e+00
8.710024389761287011e+00
8.710067348997087677e+00
8.726231244128554110e+00
8.734002774139362657e+00
8.741761265890122701e+00
8.759555756475215560e+00
8.762745691361836009e+00
8.782648730519195368e+00
8.793035953583359543e+00
8.795894383421378748e+00
8.800493687435769985e+00
8.815001387673532918e+00
8.817472840064134232e+00
8.824985684456553514e+00
8.836123447198151126e+00
8.844128017608511527e+00
8.871588629964660910e+00
8.872467060857578858e+00
8.889041982753631999e+00
8.903731564978427215e+00
8.910601982123283804e+00
8.924764696979400114e+00
8.934984564343917413e+00
8.952538084408947938e+00
8.959783267048891275e+00
8.960069446384730796e+00
8.964011512757370070e+00
8.966202475841843267e+00
8.981575390600303521e+00
9.002688769759561893e+00
9.013973385932398941e+00
9.027155800345083136e+00
9.037766188674748236e+00
9.042399921024166787e+00
9.071493978421413473e+00
9.079008132162167399e+00
9.102547247379298767e+00
9.104055014787903133e+00
9.105704618772469061e+00
9.113443652031268272e+00
9.117518063587922938e+00
9.121113714468622291e+00
9.143617090022189586e+00
9.146328117076787834e+00
9.151867843332210484e+00
9.163208362694788889e+00
9.195887730322487741e+00
9.197469058924673035e+00
9.207250813379619814e+00
9.231779828607628247e+00
9.290007562464682067e+00
9.291558931776080499e+00
9.293449808559769210e+00
9.299301279762749672e+00
9.316348889153355017e+00
9.316516085644156675e+00
9.318333652356265873e+00
9.325160058304769350e+00
9.325171100095454690e+00
9.346117182433896886e+00
9.350554888209135385e+00
9.385908074968087433e+00
9.405858987561339646e+00
9.424910448135539909e+00
9.428664039343747305e+00
9.431493872139926182e+00
9.444695838784296527e+00
9.448140689232680245e+00
9.449392097665317181e+00
9.461751206410323078e+00
9.469539154125010683e+00
9.495858672497249131e+00
9.550008123280111505e+00
9.593915840316096677e+00
9.598063732964476458e+00
9.616049720802775980e+00
9.631530754841421071e+00
9.659998412770343990e+00
9.660934746593245137e+00
9.663531063407740263e+00
9.682191040841832574e+00
9.686584956902713373e+00
9.692342196427800260e+00
9.707517951509297305e+00
9.710638301150602558e+00
9.738049345601094586e+00
9.747899234692926740e+00
9.758601287077517838e+00
9.775987969444933867e+00
9.782042943749621244e+00
9.784778212844827294e+00
9.785217525060271981e+00
9.798431012986267064e+00
9.801660273795693712e+00
9.813490437538650468e+00
9.819714160029015204e+00
9.826311189981097982e+00
9.829414887199643402e+00
9.836095628172298433e+00
9.836962799669519697e+00
9.863263807497370195e+00
9.871673952556051290e+00
9.871729606004659985e+00
9.888099621603510414e+00
9.939378200803510310e+00
9.976497243963351025e+00
9.980259838546331252e+00
9.984509675043268473e+00
9.995151744545561101e+00
1.000915262532731376e+01
