1.159889033870962344e-01
1.191876570347855935e-01
1.561830201723144740e-01
3.180590909071991934e-01
4.010669619194396907e-01
4.063313858350247054e-01
4.162989284181221605e-01
5.198615485267641390e-01
5.459672564314672627e-01
5.737079259966288980e-01
7.933248203585167024e-01
7.955202886116072847e-01
8.143775130874802981e-01
8.410971141802342510e-01
8.993852887061102308e-01
9.309938391536055624e-01
9.364196999854972336e-01
9.441386247358223294e-01
1.045283390234825083e+00
1.127323682437758379e+00
1.179267785984964956e+00
1.226182771619660716e+00
1.234852716534605266e+00
1.238646854618752791e+00
1.240637447322110010e+00
1.264518181393549101e+00
1.288285835663131484e+00
1.297400638794867334e+00
1.374309474903758765e+00
1.396809733441092716e+00
1.570831506636960473e+00
1.621957661481245427e+00
1.718587852092624768e+00
1.728203252016597968e+00
1.865611707889438975e+00
2.017296220366632920e+00
2.028361760690517546e+00
2.034807645740546178e+00
2.142389827424441062e+00
2.370009569724765619e+00
2.519240762899424002e+00
2.530225507703477206e+00
2.538587216699962568e+00
2.597114644975570208e+00
2.683254671957380655e+00
2.693444050963026193e+00
2.750680223583114703e+00
2.757474909088022841e+00
2.769042548966128336e+00
2.814112892490687301e+00
2.963290027708805674e+00
3.162201260062373454e+00
3.168032341862296430e+00
3.175925443305097851e+00
3.182813236473488239e+00
3.212486810842999585e+00
3.257416363908383961e+00
3.289354940209219702e+00
3.396908934720988871e+00
3.416275424963253649e+00
3.418380867382861066e+00
3.464278086735879114e+00
3.508872779844590450e+00
3.685090317841638097e+00
3.769766159983533704e+00
3.779010843585926427e+00
3.781240233612761958e+00
3.799479044481160805e+00
3.799599163562212834e+00
3.828130673510558246e+00
3.834993591810273550e+00
3.907974664466488335e+00
3.909655700958333924e+00
3.932392101719203836e+00
3.934728798073953815e+00
3.935467154370519083e+00
3.935525780658733375e+00
3.948803516335720687e+00
3.955826380022197775e+00
3.976791403977884443e+00
4.011316415741204899e+00
4.019895868374431025e+00
4.027932943898132834e+00
4.151990508629753940e+00
4.160878209857660437e+00
4.163412685967493587e+00
4.248987450359668294e+00
4.304527444105201717e+00
4.370734035154469233e+00
4.374637471680283163e+00
4.519735920088804093e+00
4.527258448138482549e+00
4.543630907385050932e+00
4.583274775731108974e+00
4.617462785843620132e+00
4.623153015701497281e+00
4.669583504483457048e+00
4.761747304659834867e+00
4.773941738833247683e+00
4.782613368748737770e+00
4.870737795489695543e+00
4.901542464564395019e+00
4.937194050977028681e+00
4.978112352376737881e+00
5.065787672508803574e+00
5.200730312775307063e+00
5.206555491581079664e+00
5.207668202530832957e+00
5.215174362844611444e+00
5.307091030902456374e+00
5.312279021959353642e+00
5.333483156240189871e+00
5.414232608343011677e+00
5.437119513120618031e+00
5.504499388612940081e+00
5.529374808599497371e+00
5.529414771360166903e+00
5.657909145650297233e+00
5.712194627917232204e+00
5.716775200610639374e+00
5.754992763390018418e+00
5.755948927601555631e+00
5.769515254801129700e+00
5.790276055163941393e+00
5.869408589564455880e+00
5.881259066185209328e+00
5.892733248123375844e+00
5.964407581104092415e+00
6.066912862044480548e+00
6.067431297569068072e+00
6.100968141406168499e+00
6.150519074392985175e+00
6.154636032956966041e+00
6.317591658246205277e+00
6.407701123560099354e+00
6.416114268904913764e+00
6.420868957105875019e+00
6.444142674433096296e+00
6.518621272755832585e+00
6.533694620826610233e+00
6.548482730947331021e+00
6.576873918787107698e+00
6.608928897632915245e+00
6.632349963881763344e+00
6.632667488986050408e+00
6.640303673678083385e+00
6.678779268235617295e+00
6.694941253780477552e+00
6.723490719863082887e+00
6.750842206430485604e+00
6.822590478546286086e+00
6.878551989820328671e+00
6.880453948496966454e+00
6.903331482773717553e+00
6.935599562776368465e+00
6.971688562492650121e+00
6.986620110734925504e+00
7.005172408024427533e+00
7.088062215699279633e+00
7.126855439193731101e+00
7.134764605693558082e+00
7.156890277969425895e+00
7.161938387921447102e+00
7.180314850455614462e+00
7.217324948625295278e+00
7.231262338795531264e+00
7.269834178389633195e+00
7.331760904937207890e+00
7.357087554370378868e+00
7.388807927669001074e+00
7.394255962792457559e+00
7.407056296736043599e+00
7.481032134209808504e+00
7.497951799491063163e+00
7.679712337854335047e+00
7.735480964463501863e+00
7.827977055169093035e+00
7.840546853146816986e+00
7.862316217641201810e+00
7.874139234764588657e+00
7.923167705258626903e+00
7.988625253635396106e+00
8.003049515925988899e+00
8.186643958122857612e+00
8.187841778725706732e+00
8.265791018081950270e+00
8.366480539407046280e+00
8.372958206095697520e+00
8.474122218872500056e+00
8.499374477232983338e+00
8.507117659031210977e+00
8.513590771350058262e+00
8.514362716100247752e+00
8.637248232720169838e+00
8.672437378215537507e+00
8.675152988316064295e+00
8.768280414437702674e+00
8.812764185628829239e+00
8.958799248048524788e+00
9.038406308828852431e+00
9.042616640407260320e+00
9.081199217536211066e+00
9.082111665602973005e+00
9.098785605014848343e+00
9.189294193573303460e+00
9.261029803284696271e+00
9.315022539978350835e+00
9.337410933874039642e+00
9.376981007659264122e+00
9.428230439339756686e+00
9.495477835708918235e+00
9.547321339464650336e+00
9.596842935737848634e+00
9.598633796270037877e+00
9.681263020443244827e+00
9.707484231504308170e+00
9.827558846709134599e+00
9.855462602795494576e+00
9.929774577498292842e+00
1.004878491854142553e+01
