5.554896945157652803e-03
1.639125500062691559e-02
2.253637814507749096e-02
2.669334488166009989e-02
3.116989329712963747e-02
3.818301693911976130e-02
4.227919676142753713e-02
5.097375734698344346e-02
5.331208205273055278e-02
6.840136984830150202e-02
7.154205039237986063e-02
9.036228514408693735e-02
9.232916963169812696e-02
1.010141874205228441e-01
1.080782504259469451e-01
1.138641620071874916e-01
1.207298053831471485e-01
1.220505278336641991e-01
1.246322243357994297e-01
1.252726660878748510e-01
1.282400520183710202e-01
1.318026565834535535e-01
1.336281897658784523e-01
1.358993444461726596e-01
1.478152749603113270e-01
1.496304048681517673e-01
1.536227066875599512e-01
1.598152401557513536e-01
1.648784189151460966e-01
1.919530740078559117e-01
1.924641602696088305e-01
1.931155147018803753e-01
2.014709337962111435e-01
2.114302452245160335e-01
2.148250809537052552e-01
2.241963660857041463e-01
2.272627005056077343e-01
2.281766564051431745e-01
2.429331855677762109e-01
2.550871326206140544e-01
2.598365352199856204e-01
2.607106278369267782e-01
2.728652455667206489e-01
2.772955757221585715e-01
2.836313957564191579e-01
2.838877174717456819e-01
2.968697749694705901e-01
3.112737980958149020e-01
3.245821862743336061e-01
3.261196818181902879e-01
3.324886329568654819e-01
3.351858445106755680e-01
3.485558273508631011e-01
3.509562386474357476e-01
3.520995696584527379e-01
3.538578886390992828e-01
3.609205849314274239e-01
3.781252834132539653e-01
3.842373226067856695e-01
3.959575704029782428e-01
4.020461796565324986e-01
4.083312647782415539e-01
4.291760984637877918e-01
4.314265662057826800e-01
4.350435166279350563e-01
4.406561251514364841e-01
4.505257018275711234e-01
4.581353853825448352e-01
4.964935267044403577e-01
5.110309774179183639e-01
5.116270412218388852e-01
5.173060874289417965e-01
5.187062338662584704e-01
5.463956630241040280e-01
5.542672201495784101e-01
5.793300335991803385e-01
5.895014037298500487e-01
5.901497622051200542e-01
6.058799004645337716e-01
6.123355959632728052e-01
6.138735179020140542e-01
6.151341303263295757e-01
6.392568709382600023e-01
6.421367561056192663e-01
6.448133705942968863e-01
6.491491118221061063e-01
6.591024053526866044e-01
6.653780327416840557e-01
6.660928879802966440e-01
6.661443533246658166e-01
6.783479348960782529e-01
6.813622290129421888e-01
6.868658655427920534e-01
7.014404358711257004e-01
7.033591645575107965e-01
7.057461607507368173e-01
7.227005164298153650e-01
7.248947678499069180e-01
7.494398778986283149e-01
7.680710369930816572e-01
7.880521312186696825e-01
7.902580987729284079e-01
7.910626654974179939e-01
8.042586059207778026e-01
8.211313634666941308e-01
8.315672650691853240e-01
8.536315313548639150e-01
8.708452781730218195e-01
8.800863826301781323e-01
8.827647128701499035e-01
8.849650168350868817e-01
9.129739459108886512e-01
9.135477695870413140e-01
9.198470764027822932e-01
9.299823488517964254e-01
9.334864782412074513e-01
9.406906695029904064e-01
9.469270730248631196e-01
9.476190456280670915e-01
9.562001530962318530e-01
9.716444143706114422e-01
9.872946978327329370e-01
1.004050000815849497e+00
1.021151455159108101e+00
1.021494696172486005e+00
1.022502929814002925e+00
1.033236531438869843e+00
1.049097811090062837e+00
1.085670250363474976e+00
1.097606339688180555e+00
1.104458714993782786e+00
1.112068720525653642e+00
1.118583545716066885e+00
1.119953673180424047e+00
1.134280998872212010e+00
1.137226158282172328e+00
1.143528146897354381e+00
1.150273687198323458e+00
1.157172829547497450e+00
1.178792626382152431e+00
1.210723979758384639e+00
1.211255529866763547e+00
1.213365133433242482e+00
1.224021629358760466e+00
1.242983405429311405e+00
1.275199048883363995e+00
1.287715601761046047e+00
1.296702238670682794e+00
1.297457575890135884e+00
1.308780783257687874e+00
1.314008512648086491e+00
1.318779008438877298e+00
1.322668937509580811e+00
1.348345860141537234e+00
1.350506681731618253e+00
1.365616671138226712e+00
1.368166279333862700e+00
1.368884203107040953e+00
1.374677104080634260e+00
1.377264111908720112e+00
1.387939600933570050e+00
1.399415663884897576e+00
1.401435911471023088e+00
1.402269990956858337e+00
1.402912241430232632e+00
1.402974872183875288e+00
1.407863494957693140e+00
1.421910915064462877e+00
1.441678842372608793e+00
1.446185326719941155e+00
1.473671860010576040e+00
1.499277169855268266e+00
1.499855144531956563e+00
1.505483422216840506e+00
1.512952162689665148e+00
1.523176383033455705e+00
1.540034805723556444e+00
1.562525721607953999e+00
1.570013758293798745e+00
1.600795722080101013e+00
1.607172097002262490e+00
1.608070577908207177e+00
1.620464028276962232e+00
1.624765323615646517e+00
1.628629712561688869e+00
1.657426704282995100e+00
1.660324929520669679e+00
1.664918676232305605e+00
1.681172842978758242e+00
1.681247954303000558e+00
1.699256104613722451e+00
1.700384295598167617e+00
1.702187753342495391e+00
1.708774758598161192e+00
1.716285352585093849e+00
1.720695911787589960e+00
1.725894520767808249e+00
1.742140323372173061e+00
1.754189044051713164e+00
1.763780054397596775e+00
1.779103940874783296e+00
1.799535021271730262e+00
1.805813377046009194e+00
1.840693922893562595e+00
1.859197420225696895e+00
1.891447476337982714e+00
1.900619645683771619e+00
1.907020045497342053e+00
1.920512543576221809e+00
1.929738809032212732e+00
1.933022667568338182e+00
1.947173376305460613e+00
1.948421424264636270e+00
1.949685003091444546e+00
1.951211673827669468e+00
1.962686296061375124e+00
1.988525227443533216e+00
2.016475993073747031e+00
2.016776834576975208e+00
2.036321103193584392e+00
2.060248044108634158e+00
2.061140949163665859e+00
2.064048211757945950e+00
2.088199016443263556e+00
2.096573206183228066e+00
2.104137634070951446e+00
2.146372671654898312e+00
2.160733728615328975e+00
2.166392362670901406e+00
2.183158036926831524e+00
2.188479591403216240e+00
2.189636162698383348e+00
2.218746430526356672e+00
2.224516014126530106e+00
2.235658265680371848e+00
2.248401941670251425e+00
2.275500459694062894e+00
2.287973800366137844e+00
2.290732391232894738e+00
2.300265438491440939e+00
2.322522632674461018e+00
2.332090695921992918e+00
2.334417549284675264e+00
2.341273000561526541e+00
2.375474627733615840e+00
2.385839563427505361e+00
2.409426631987666934e+00
2.424277920356331606e+00
2.424501493703006272e+00
2.444087017823043606e+00
2.452647107565258278e+00
2.455611214871458614e+00
2.456969270417620699e+00
2.469956215359998986e+00
2.480924665652637806e+00
2.481859218543439383e+00
2.488805222431891728e+00
2.494306002703336134e+00
2.499604734775027204e+00
2.506834110206801025e+00
2.518721622226854251e+00
2.540149286545226648e+00
2.544324919525188911e+00
2.550653956740231099e+00
2.568400635804927834e+00
2.579872417311532828e+00
2.581310396223310821e+00
2.581949660530641122e+00
2.590138308619422958e+00
2.602643575110739516e+00
2.603104653493710341e+00
2.623642684010526249e+00
2.630626131633992060e+00
2.641231839542362181e+00
2.645089397353648675e+00
2.645451798731404569e+00
2.645508169225273765e+00
2.646770002182150527e+00
2.651773653289343891e+00
2.682307913577124836e+00
2.696591803852563363e+00
2.710462956744470464e+00
2.721989620726401160e+00
2.747063933275615710e+00
2.747288848369208836e+00
2.750424894021137323e+00
2.777963447243551265e+00
2.779460326612309462e+00
2.783618873312152964e+00
2.795848317478587308e+00
2.808029140081656827e+00
2.812165279986803768e+00
2.814438493176594225e+00
2.821358678933262976e+00
2.833041744890059110e+00
2.833115321753183480e+00
2.852183052423587828e+00
2.857284714582966512e+00
2.873494724514094933e+00
2.883558379490768431e+00
2.890678839093176133e+00
2.891352888387938247e+00
2.914355128027257269e+00
2.924467833348054935e+00
2.952997737213469254e+00
3.007035080044165642e+00
3.011323840566460852e+00
3.035088436313321480e+00
3.058039861274532534e+00
3.062916888208517818e+00
3.070066251079907715e+00
3.077791137570098812e+00
3.080107209768504717e+00
3.082335564670549033e+00
3.085310398810604315e+00
3.091435926626727060e+00
3.092039852778157627e+00
3.096143883542243014e+00
3.099688044608645221e+00
3.108112953295632863e+00
3.118312044520358928e+00
3.131570334270382006e+00
3.132622491195280467e+00
3.151822376170178686e+00
3.156679072312641665e+00
3.157163212821007647e+00
3.199841584857650911e+00
3.214912885977832868e+00
3.217473646569014356e+00
3.258970482426308823e+00
3.258977637707910713e+00
3.270275955568885617e+00
3.274103500532894895e+00
3.275442281869904271e+00
3.299150072212249540e+00
3.307730846945512226e+00
3.308573064363133920e+00
3.309507186521830402e+00
3.314784300257359373e+00
3.321197085791036674e+00
3.322415422844416710e+00
3.328527718260032575e+00
3.338876182459890707e+00
3.345295766530218984e+00
3.349728038523399842e+00
3.370368101041072428e+00
3.378253538521978516e+00
3.381634389381118044e+00
3.390418544932549683e+00
3.408194404388224186e+00
3.412647628542067046e+00
3.424238260925471344e+00
3.425183806245468698e+00
3.426553427254607431e+00
3.426928185966975349e+00
3.432905000956549824e+00
3.436576782775111027e+00
3.453295491439608345e+00
3.462305605638131834e+00
3.464600106268165725e+00
3.464836282755239694e+00
3.491057491002080848e+00
3.493662129002196082e+00
3.498831334242235691e+00
3.501018647471878076e+00
3.515649004371947495e+00
3.559577581603104779e+00
3.564031190231746749e+00
3.566395396903458082e+00
3.575869183212459834e+00
3.589443813206638190e+00
3.601309262179592352e+00
3.607291052066436521e+00
3.608360286384099780e+00
3.608418724807189726e+00
3.628428888414259035e+00
3.631497055274952590e+00
3.669317193577786185e+00
3.677149147744548596e+00
3.685167188681905515e+00
3.693560695741315847e+00
3.699864770961175608e+00
3.709018018510089387e+00
3.725653743999081335e+00
3.734210155670732334e+00
3.749172543186443107e+00
3.750439128740021832e+00
3.758379405324657085e+00
3.759080964820051385e+00
3.771062797149233425e+00
3.772852505535734924e+00
3.793875788175524288e+00
3.825929655635472493e+00
3.828297959170578135e+00
3.841015540767767078e+00
3.843838292388686462e+00
3.844418133669138538e+00
3.846718530394110047e+00
3.865149301098070644e+00
3.868082792645981982e+00
3.886448852790787889e+00
3.886493966034116454e+00
3.893965364442713906e+00
3.904905436604970692e+00
3.909718276055461850e+00
3.910320780476686853e+00
3.917394888622263593e+00
3.919415360799219705e+00
3.922273425289197313e+00
3.933723826014626113e+00
3.934443114434619027e+00
3.935597940001780426e+00
3.935614993731591849e+00
3.943365211080914090e+00
3.948446530173599811e+00
3.968697791167902889e+00
3.970901064471122233e+00
3.973015148982575351e+00
4.000656798445648477e+00
4.019125579426671813e+00
4.019789906190118778e+00
4.022415395227532109e+00
4.028616231883397347e+00
4.039145131006352862e+00
4.045150296813342372e+00
4.049148323735662025e+00
4.049548094605908588e+00
4.055318384249837038e+00
4.058540060479026046e+00
4.066443344890476652e+00
4.069125885934910869e+00
4.071047757437065151e+00
4.082461382304834352e+00
4.099743551445951262e+00
4.103129569598824133e+00
4.107248329148301735e+00
4.117711195636837296e+00
4.119213456513278082e+00
4.120503606853135103e+00
4.120796784901410881e+00
4.132753880594184359e+00
4.138060081779838306e+00
4.191616901074621815e+00
4.203801271081166746e+00
4.207928811187940710e+00
4.209301024532162039e+00
4.244304827173657202e+00
4.244605979478497382e+00
4.246127010251722567e+00
4.252981443216165225e+00
4.265316805150638046e+00
4.283119139177014922e+00
4.285269557972494425e+00
4.285544028691216312e+00
4.304489223817782317e+00
4.311246129009536077e+00
4.316157144928546963e+00
4.335503226598155457e+00
4.341844081002228073e+00
4.344032527995783433e+00
4.355642123799789545e+00
4.359242807803736852e+00
4.360251298031980305e+00
4.414824419298330582e+00
4.416342173443293717e+00
4.444879934191613202e+00
4.449422939532021282e+00
4.450239044290502655e+00
4.457485542305920312e+00
4.458704141502050966e+00
4.458762123073698902e+00
4.458786643199990074e+00
4.460334363739110408e+00
4.488609473875396105e+00
4.493060736026859736e+00
4.517865271847082198e+00
4.518515672099416847e+00
4.524744604126929026e+00
4.532207002502990356e+00
4.584473766687814589e+00
4.585611404099569910e+00
4.595752382764187516e+00
4.597458729073832018e+00
4.599295543316191726e+00
4.603165818041241586e+00
4.615187608240338690e+00
4.617638355447299503e+00
4.620374415287439973e+00
4.622913809831900700e+00
4.637550263179479160e+00
4.678630623452958659e+00
4.682979192277363367e+00
4.688820138375914048e+00
4.690686279560197569e+00
4.696996138338667137e+00
4.717697644155375514e+00
4.722729067397269276e+00
4.729689501988731060e+00
4.743450951785326275e+00
4.747549550868192192e+00
4.748727341544721092e+00
4.759465763209184352e+00
4.759553943762823813e+00
4.766135883418582075e+00
4.776007538133725028e+00
4.779300058215286029e+00
4.786702910920456411e+00
4.789321025923138464e+00
4.804166652813125715e+00
4.806157626423403606e+00
4.815852938746651546e+00
4.817293509388920647e+00
4.819877772884148648e+00
4.826438973482980899e+00
4.848717468546459131e+00
4.860965531863202571e+00
4.866609498738439399e+00
4.874771717580104635e+00
4.889100858608699696e+00
4.932848316607430839e+00
4.933459915021865427e+00
4.935651520767815548e+00
4.949295869616642030e+00
4.951483901645815422e+00
4.954553703325612624e+00
4.955389690879945519e+00
4.959911154240005615e+00
4.972112263398675402e+00
4.979550750517297786e+00
5.004884158694935081e+00
5.005476009239356650e+00
5.012967277160126578e+00
5.037566553713005213e+00
5.043410532825558512e+00
5.050691530444944455e+00
5.057037003004055897e+00
5.060218478301508505e+00
5.065641352798268215e+00
5.070798076725000492e+00
5.073872476892321792e+00
5.107790334468709226e+00
5.111427287345998494e+00
5.111978684505014137e+00
5.122308410354859731e+00
5.180721872532451755e+00
5.190959866989524052e+00
5.212712176023694965e+00
5.223853842637271150e+00
5.233368571153116378e+00
5.233654310811745702e+00
5.246708231304994641e+00
5.247716260594020632e+00
5.254155213528775903e+00
5.289049809110402123e+00
5.302371040607086528e+00
5.317167479597022961e+00
5.330263781078875773e+00
5.353276456920752047e+00
5.369911257012605965e+00
5.382597480901115894e+00
5.436204549960653054e+00
5.437407838820353945e+00
5.442072181639143302e+00
5.458620621203882806e+00
5.495471386312607898e+00
5.520743714840557814e+00
5.541955957697532575e+00
5.546169310459223567e+00
5.549059866628897275e+00
5.551459494813190787e+00
5.562375209475435511e+00
5.570166683328711343e+00
5.572176060359298688e+00
5.576967745184495229e+00
5.599234670242992706e+00
5.601885656529282720e+00
5.604463156724655448e+00
5.605354970495421973e+00
5.618522955219978243e+00
5.627183996265225474e+00
5.640674952388975427e+00
5.646887012094945035e+00
5.661544393409940312e+00
5.667339847308304535e+00
5.694562499292159075e+00
5.708882119622127327e+00
5.726886247435593269e+00
5.736597772258849481e+00
5.738613292003851285e+00
5.742649118494869143e+00
5.755782583105373718e+00
5.760822241940692479e+00
5.761961454416916872e+00
5.764522246068751521e+00
5.767022751571916572e+00
5.814799676224043701e+00
5.820672096338313395e+00
5.821047036458322665e+00
5.824388992484260896e+00
5.830534901067982112e+00
5.847576423744067498e+00
5.858831426780130691e+00
5.865305094976656086e+00
5.866243589228290034e+00
5.866594542390295430e+00
5.867238592341491810e+00
5.885366738402997733e+00
5.894533594230020768e+00
5.903262679522515377e+00
5.913609428235458765e+00
5.922561569123351966e+00
5.937348540490764215e+00
5.946675792124488602e+00
5.956775607765122160e+00
5.958159103765222397e+00
5.969941615092880127e+00
5.974104931232297133e+00
5.978677662090897016e+00
5.981108505121046193e+00
5.987168557262884327e+00
6.009389722757027208e+00
6.015396134796950456e+00
6.020979198399525778e+00
6.067616893564914626e+00
6.075919261110657388e+00
6.079295860335995449e+00
6.090524951814526133e+00
6.092992832011601578e+00
6.094498119328373598e+00
6.108255492468124714e+00
6.109340662680119216e+00
6.111500129370701195e+00
6.112994833206792933e+00
6.116917774170053335e+00
6.120308322144522251e+00
6.122175774369997825e+00
6.130789762262780052e+00
6.143291453770554966e+00
6.144407843571588757e+00
6.146228811856270013e+00
6.159179055636661460e+00
6.165807830260228606e+00
6.173251804633306250e+00
6.193035466219670049e+00
6.193703003632839987e+00
6.213184326580471151e+00
6.268521899062855063e+00
6.269531778072433781e+00
6.278089305231595141e+00
6.280172008778469817e+00
6.289330607835429632e+00
6.315232625425197810e+00
6.325610146917966858e+00
6.330141588155366428e+00
6.336858692552589822e+00
6.358469562979679246e+00
6.364123588204733117e+00
6.376080413548235626e+00
6.392451400123467131e+00
6.397146664300648489e+00
6.410691817204400067e+00
6.416580608509129036e+00
6.423223904241120330e+00
6.436504471539441496e+00
6.442369328904015369e+00
6.465647519930475262e+00
6.481098269273458001e+00
6.482943185561852673e+00
6.490914116118375432e+00
6.498281023898185182e+00
6.502577743243446839e+00
6.505915538736167569e+00
6.512709167592042547e+00
6.523992789545294713e+00
6.527667427559595836e+00
6.529824983867437815e+00
6.544810330145542920e+00
6.546542303782188377e+00
6.585917475203837412e+00
6.593986504235907375e+00
6.597890113921095256e+00
6.604511600694709550e+00
6.623160881074562134e+00
6.625299072683039192e+00
6.636234769665177780e+00
6.675500070106705763e+00
6.675506789583740996e+00
6.680184859531254737e+00
6.685020509498635022e+00
6.701956204543889406e+00
6.705812922154961164e+00
6.712850847115634956e+00
6.725279209243836931e+00
6.745804236203169602e+00
6.753666271496371998e+00
6.759997602440547482e+00
6.766172200876432008e+00
6.769505111646631157e+00
6.783492289753841220e+00
6.797334161597957447e+00
6.798933981275646410e+00
6.812262517832149200e+00
6.822958785611829668e+00
6.840292463268122347e+00
6.841536440977974642e+00
6.844043719206989174e+00
6.855026824511600836e+00
6.856458149410276093e+00
6.856665598075460721e+00
6.873811337372669250e+00
6.888271549718296249e+00
6.890501928692522426e+00
6.899780076504500315e+00
6.911684133955065867e+00
6.913116071793568018e+00
6.917378292948083818e+00
6.926091298468123547e+00
6.958979050097874541e+00
6.960585612061991334e+00
6.960667768068775629e+00
6.962905049513422817e+00
6.970498487317179581e+00
6.985322517489237271e+00
6.986393002765718840e+00
6.994478870360980594e+00
7.000080870377622055e+00
7.005102412127703460e+00
7.011638265122850378e+00
7.041323951086066124e+00
7.066466076235342619e+00
7.076890287000016322e+00
7.078236522452613144e+00
7.086635561854041754e+00
7.089753434035108270e+00
7.100836910588326667e+00
7.112695923101780338e+00
7.125518370190403239e+00
7.134396658469560393e+00
7.143401620720693401e+00
7.144234344834876183e+00
7.164778670391036997e+00
7.172613594147475347e+00
7.184524320769202888e+00
7.185934852668854234e+00
7.197912238959624176e+00
7.207310181295981444e+00
7.213469144520192167e+00
7.213706243666615059e+00
7.254503882326267750e+00
7.276879726687431216e+00
7.285108962314341241e+00
7.291253740112729531e+00
7.294321729139069177e+00
7.303408519839142521e+00
7.303447867828163353e+00
7.303945485005813865e+00
7.316940321862004382e+00
7.329485608060773316e+00
7.340846311882327058e+00
7.341429059133889545e+00
7.348831853710848350e+00
7.377002924319938870e+00
7.391658957295885735e+00
7.397193868291197738e+00
7.400577459766635613e+00
7.408078993863262518e+00
7.408530819756793839e+00
7.442935890128388188e+00
7.457781735067681161e+00
7.462133492251479261e+00
7.462708743584258286e+00
7.471483389189966573e+00
7.476684849279767064e+00
7.486662908084235291e+00
7.501633092190608032e+00
7.506749596816305825e+00
7.519372331852834712e+00
7.533113478301316945e+00
7.539242942456042762e+00
7.551069929796556224e+00
7.551904668085585470e+00
7.565083505267963915e+00
7.569056625327650778e+00
7.604634393756069421e+00
7.618273252716154964e+00
7.640405739757521353e+00
7.652997222306970215e+00
7.661764293393800607e+00
7.663692269840014504e+00
7.669543105426715357e+00
7.684922812654099822e+00
7.703317384184270367e+00
7.709695197507591580e+00
7.712066509157361693e+00
7.731941969296984851e+00
7.745681912223512988e+00
7.755511716930549859e+00
7.784644883625530198e+00
7.789044054677587425e+00
7.792058592754059987e+00
7.797444838220548569e+00
7.799408772821194269e+00
7.808574394399548702e+00
7.808668819870086431e+00
7.826976016445377660e+00
7.828117075434964711e+00
7.839180658041068561e+00
7.848217603798788744e+00
7.855491422509815358e+00
7.865982368664562685e+00
7.872261735133345262e+00
7.889149466907054986e+00
7.889223470865087684e+00
7.899887402406676529e+00
7.901374522523269661e+00
7.902158228395514072e+00
7.908992086018885814e+00
7.925838887300963087e+00
7.936854252097182538e+00
7.949855942617123361e+00
7.950272587566429294e+00
7.959334663237128460e+00
7.967281102542931315e+00
8.017287739976463712e+00
8.049102937276543912e+00
8.049409742977321258e+00
8.049548851363265811e+00
8.060178992124951591e+00
8.111833878181668567e+00
8.122892700563037138e+00
8.125452842767428407e+00
8.129362097092430517e+00
8.133188509382703657e+00
8.145612190540369113e+00
8.150794825023062629e+00
8.165932255996310118e+00
8.168016036858277928e+00
8.169192781104317902e+00
8.177478559724978169e+00
8.187882130281206372e+00
8.189432794322518916e+00
8.221108017372840138e+00
8.229862185348141068e+00
8.231798305873979871e+00
8.232188450532952118e+00
8.242646326933904533e+00
8.249220736737937543e+00
8.254188460132739991e+00
8.266002441557750657e+00
8.275119302787418363e+00
8.276693906052479122e+00
8.294140285198007945e+00
8.294409882625387809e+00
8.297224086261429932e+00
8.314066320501030560e+00
8.349609880132708994e+00
8.355737070045066162e+00
8.360043483060964675e+00
8.361886019358275135e+00
8.362845950145755936e+00
8.369977773749155858e+00
8.389619827430401244e+00
8.396356040359778561e+00
8.402794763594357619e+00
8.410242152156442330e+00
8.422015141184999720e+00
8.429799274466741821e+00
8.445184991202321356e+00
8.459508037710374850e+00
8.460621445320755996e+00
8.461031148119111833e+00
8.463467408721230711e+00
8.474208922165484381e+00
8.484916226717956533e+00
8.490297967996184525e+00
8.536465215600149037e+00
8.538320115230682461e+00
8.544638078701993322e+00
8.544698732388029683e+00
8.560540215322076207e+00
8.565504233487439834e+00
8.589385728806997022e+00
8.591387514786664070e+00
8.603464782018651391e+00
8.605958725035860013e+00
8.612584418224194849e+00
8.615643084541499519e+00
8.617640184653247104e+00
8.623483330474714492e+00
8.689618983727632084e+00
8.700741898285155429e+00
8.704916530260266683e+00
8.741825480260040138e+00
8.743218708492168645e+00
8.752324677716485368e+00
8.758587059606382397e+00
8.760583642359407008e+00
8.778876387428978134e+00
8.780622392799337206e+00
8.780745597375851474e+00
8.810010236012555396e+00
8.819567385749813582e+00
8.834525544888222726e+00
8.841401172195597624e+00
8.846822179620488669e+00
8.848922042118871900e+00
8.873417102111419652e+00
8.899013273849877947e+00
8.906444832760460173e+00
8.909537599233448901e+00
8.909903904949150188e+00
8.910115441598671637e+00
8.910763926129186885e+00
8.916459730517020787e+00
8.939594177014781096e+00
8.941952716575611859e+00
8.943572805780457102e+00
8.945463176771363933e+00
8.948468291658439711e+00
8.953815449606233656e+00
8.962008500544500933e+00
8.979711089560847626e+00
8.980167969868146471e+00
8.983976124763708881e+00
8.984869400795050254e+00
8.989794579562955690e+00
9.006949812536479527e+00
9.018753866120666984e+00
9.019699138971008168e+00
9.042740371859428805e+00
9.044430612375025547e+00
9.064159971267029547e+00
9.065671474952115005e+00
9.068167802720777715e+00
9.077220739271783856e+00
9.097732832033274875e+00
9.105680166290209598e+00
9.118974423555247455e+00
9.133408429555515795e+00
9.153309198382350687e+00
9.155142102992924080e+00
9.187024937359527854e+00
9.199343553427418385e+00
9.204438058121322541e+00
9.216101940806639803e+00
9.234829377262324002e+00
9.263547576585072107e+00
9.264660039146663806e+00
9.266798198471377646e+00
9.289796408670952133e+00
9.298641069287340244e+00
9.314768896473708537e+00
9.326435763853147876e+00
9.342669737877713487e+00
9.346094040542283210e+00
9.349524282622336813e+00
9.350641371598133134e+00
9.368609813868687297e+00
9.372808408870611174e+00
9.380417952124368242e+00
9.388567470916509450e+00
9.390148503529610835e+00
9.392901984911203428e+00
9.399799609318387539e+00
9.405460730484763943e+00
9.407575569636575707e+00
9.430966108736676290e+00
9.438093486461497150e+00
9.446961764009630613e+00
9.449404920510700023e+00
9.460709806185475301e+00
9.467502755414603399e+00
9.476559083846069598e+00
9.481623105893962844e+00
9.496878847680525482e+00
9.516352787545816483e+00
9.531121100194308582e+00
9.539539247182027282e+00
9.552386980409192319e+00
9.564551411739367737e+00
9.575559374928882761e+00
9.583349852242761813e+00
9.589441498585397738e+00
9.594351105450975581e+00
9.598799807818883423e+00
9.604651736509406845e+00
9.608252802594227759e+00
9.620296103052764281e+00
9.628072970720927160e+00
9.630511202833302420e+00
9.636411679202097957e+00
9.644497972292233712e+00
9.662252087879309670e+00
9.666770126667538321e+00
9.669297316275235588e+00
9.691444146238445967e+00
9.707853510667771246e+00
9.721102677931911629e+00
9.730729378807678742e+00
9.731621896839737218e+00
9.735059756036299916e+00
9.752469861300772536e+00
9.754208106203224204e+00
9.759941197228179988e+00
9.796023018138246385e+00
9.822895731712099732e+00
9.823819501519610142e+00
9.824333508566093442e+00
9.825868951168651222e+00
9.828191075766428142e+00
9.838807489158115871e+00
9.847269018607848423e+00
9.859656701605588935e+00
9.873822548455940762e+00
9.905962931832144491e+00
9.917255402160538580e+00
9.917315350258215645e+00
9.919765890102206995e+00
9.925498325598036686e+00
9.960888397076514522e+00
9.984749066721908761e+00
9.999697697795252083e+00
1.000123868151790774e+01
