7.510946669745671711e-02
8.212392486040835660e-02
1.147070585750209204e-01
1.232926054285607975e-01
1.356144896926427257e-01
1.418503106500515198e-01
1.672684028050568095e-01
1.755257850118876473e-01
1.899296855948913454e-01
2.506629394372778541e-01
2.756505464590010002e-01
2.895199284881639357e-01
3.336709359343849601e-01
3.343895161934228866e-01
3.893117341939657527e-01
4.487890504549417181e-01
4.742370492169908358e-01
4.745405588597079172e-01
4.748154027157205359e-01
5.265188024815021794e-01
5.439456219118656843e-01
5.781808225368979537e-01
7.237095439417646769e-01
8.748766745068512485e-01
1.001070937192938715e+00
1.027583208063484577e+00
1.044461881585303953e+00
1.087593344712469712e+00
1.090697486300060914e+00
1.092665971097668276e+00
1.096529097224066440e+00
1.218159623312980555e+00
1.256485826288280983e+00
1.296790704280098350e+00
1.428777329805491325e+00
1.439671673433683630e+00
1.530964492840544366e+00
1.625963526904570244e+00
1.672480022539121203e+00
1.677486358395477328e+00
1.680993009152554452e+00
1.717313439605027359e+00
1.720945646659731709e+00
1.763135237818943324e+00
1.782966797598051212e+00
1.930991055707902415e+00
1.980467914273500663e+00
1.993131488813657981e+00
2.015856744840478054e+00
2.058070911866283215e+00
2.100052782694134201e+00
2.124679909915508258e+00
2.144551231703716532e+00
2.155475340502448933e+00
2.200547189340039456e+00
2.204810343414143947e+00
2.228984312345413166e+00
2.276889088557299878e+00
2.295567897188495632e+00
2.300224135908434775e+00
2.370534712563463486e+00
2.381109767882606310e+00
2.392746333226805078e+00
2.410850821574805458e+00
2.414414000666706528e+00
2.483811311474366956e+00
2.529717962152775890e+00
2.673328966535884366e+00
2.782030758355254374e+00
2.799874657800374145e+00
2.882525054237453865e+00
2.919228555008100745e+00
2.941815689035165438e+00
3.040644757311203872e+00
3.153787671792538827e+00
3.261797584232819069e+00
3.282265229848758015e+00
3.288578100431726270e+00
3.329022493074799804e+00
3.333091238266260969e+00
3.434749677004578228e+00
3.443475609822119754e+00
3.522677289277701185e+00
3.551944768137152764e+00
3.677658421410610501e+00
3.729995875549096063e+00
3.741923113412232826e+00
3.778940612479188665e+00
3.791060650565553303e+00
3.897827111614542872e+00
3.949591103570134099e+00
3.956390710017964718e+00
3.986715478996081252e+00
4.121912364966296316e+00
4.127643640514245149e+00
4.132470826162755628e+00
4.140190863296503210e+00
4.220947091642890392e+00
4.240375693115947087e+00
4.252858081830930281e+00
4.255367555538256852e+00
4.260563526612278551e+00
4.263558262318788650e+00
4.368743629783313764e+00
4.454284890848767553e+00
4.520969244224809280e+00
4.588887189605596717e+00
4.589079217662763277e+00
4.689079320786725624e+00
4.739488345921913037e+00
4.746963529591256226e+00
4.813010866219704198e+00
4.832356103354299215e+00
4.835293951017435532e+00
4.837275518410198316e+00
4.848756531925181079e+00
4.859899621004778680e+00
4.884390746265412808e+00
4.903923852422458651e+00
4.916073528881637955e+00
4.944293275992006187e+00
4.958914169978462461e+00
4.995522416846910119e+00
4.997460696550394488e+00
5.070151738629764537e+00
5.070502493489780882e+00
5.072772144860942412e+00
5.100265221297402007e+00
5.101946937984942032e+00
5.116320849573790852e+00
5.150042573494231668e+00
5.226218020418544441e+00
5.235341301232237399e+00
5.280745110209612569e+00
5.407431601260088705e+00
5.443888741738884818e+00
5.485518939639552727e+00
5.524459038631758467e+00
5.532393948951508378e+00
5.538738296052769350e+00
5.563482652130272932e+00
5.586408924898649708e+00
5.657266580322535710e+00
5.662671297040419383e+00
5.662861117552508539e+00
5.716968999788118566e+00
5.717993869034398990e+00
5.758362244953201703e+00
5.770977490275939203e+00
5.843302020560912524e+00
5.882446502975859026e+00
5.902062070729042098e+00
5.941878221787321834e+00
5.971632126905053184e+00
5.997692501171197677e+00
6.033112979534100084e+00
6.053605338887845022e+00
6.077878970113596679e+00
6.087505531408537784e+00
6.097131519337468220e+00
6.110520111883852579e+00
6.114449906286470338e+00
6.131896555461545439e+00
6.151441941026746463e+00
6.171630735643321763e+00
6.198161086989007806e+00
6.341124290832775401e+00
6.565112880453596311e+00
6.569425302681535683e+00
6.574024483559333554e+00
6.749139829932017776e+00
6.770881962510204133e+00
6.826799121132748560e+00
6.856006844691567181e+00
6.856421771087291894e+00
6.863478148299799741e+00
6.871409463377763593e+00
6.910166440928846576e+00
6.927903393492138129e+00
6.937174586801477361e+00
6.940421068685937556e+00
6.969980298906950367e+00
7.002040776068871430e+00
7.024231252285082938e+00
7.090289046954536545e+00
7.121883011667404340e+00
7.218333374728042706e+00
7.227601565172984799e+00
7.270093408511185906e+00
7.282629791915825379e+00
7.309104678393539167e+00
7.432610297859423731e+00
7.447750166997087362e+00
7.567615596732501615e+00
7.586041367383330680e+00
7.687327079506824035e+00
7.698413947785159195e+00
7.716495529275858800e+00
7.771969920226613482e+00
7.780099772811785996e+00
7.799605818236305943e+00
7.906329535479529547e+00
7.955704982903796463e+00
7.968481655960420795e+00
7.973946048047261925e+00
8.003040401752944177e+00
8.061022801569226459e+00
8.064209456376509877e+00
8.103351141188635864e+00
8.149205770724080367e+00
8.165532113189318153e+00
8.192935419945909459e+00
8.302077055332560462e+00
8.329847352184257758e+00
8.334480071394272827e+00
8.419945980214027514e+00
8.428660202122008727e+00
8.493418745367311118e+00
8.502806669234288961e+00
8.504651330830567346e+00
8.514089330015970347e+00
8.518909867692654458e+00
8.556620247418747383e+00
8.585504094690007193e+00
8.610752256708694929e+00
8.612182460530382500e+00
8.661908529089647146e+00
8.729072529509776857e+00
8.742300988657540017e+00
8.761832553750805275e+00
8.762624940899982562e+00
8.770619483850598641e+00
8.789205393564561319e+00
8.792887536457005382e+00
8.808129770805392056e+00
8.832153300353535741e+00
8.851638552462899767e+00
8.859550717780413365e+00
8.874848041149972389e+00
8.994433186715516726e+00
8.998380586812569248e+00
9.009568619698168135e+00
9.046277313051529489e+00
9.128084730287010728e+00
9.136493703489062312e+00
9.143592951491603671e+00
9.154367935791759336e+00
9.187118269640309975e+00
9.197426193077502532e+00
9.221167347996404473e+00
9.250524600009400800e+00
9.313148761752717775e+00
9.419798299224451554e+00
9.427564994082670680e+00
9.434860314337024434e+00
9.473530410780471200e+00
9.480511169737775745e+00
9.673225583300871122e+00
9.676396456705084859e+00
9.679291245722120962e+00
9.730073135553768182e+00
9.744519225619020730e+00
9.778852899339089078e+00
9.823885335102222172e+00
9.919926715189651745e+00
9.979359058388816095e+00
1.003367667366080518e+01
